1
  ((0,0) (31,31) (0,0))16
        ((0 , 0) (7 , 7) (0,0))
	((0 , 8) (7 ,15) (0,0))
	((0 ,16) (7 ,23) (0,0))
	((0 ,24) (7 ,31) (0,0))
        ((8 , 0) (15, 7) (0,0))
	((8 , 8) (15,15) (0,0))
	((8 ,16) (15,23) (0,0))
	((8 ,24) (15,31) (0,0))
        ((16, 0) (23, 7) (0,0))
	((16, 8) (23,15) (0,0))
	((16,16) (23,23) (0,0))
	((16,24) (23,31) (0,0))
        ((24, 0) (31, 7) (0,0))
	((24, 8) (31,15) (0,0))
	((24,16) (31,23) (0,0))
	((24,24) (31,31) (0,0))

  ((0,0) (1023,1023) (0,0))16
        ((0  ,  0) (255,255) (0,0))
	((0  ,256) (255,511) (0,0))
	((0  ,512) (255,767) (0,0))
	((0  ,768) (255,1023) (0,0))
        ((256,  0) (511,255) (0,0))
	((256,256) (511,511) (0,0))
	((256,512) (511,767) (0,0))
	((256,768) (511,1023) (0,0))
        ((511,  0) (767,255) (0,0))
	((511,256) (767,511) (0,0))
	((511,512) (767,767) (0,0))
	((511,768) (767,1023) (0,0))
        ((768,  0) (1023,255) (0,0))
	((768,256) (1023,511) (0,0))
	((768,512) (1023,767) (0,0))
	((768,768) (1023,1023) (0,0))



   ((0,0) (63,15) (0,0))1
        ((0,0) (63,15) (0,0))


    ((0,0) (1023,1023) (0,0))1
        ((0,0) (1023,1023) (0,0))




